7493344
7493456
7492952
7493076
7493065
7493375
7492963
7492785
7493134
7493272
7492787
7493430
7492881
7492939
7493192
7493081
7493071
7493260
7493204
7493261
7493299
7493405
7493143
7493446
7492976
7493298
7493154
7492974
7492953
7493455
7492927
7493376
7492940
7493044
7493370
7492985
7492986
7492984
7493466
7492882
7493074
7492660
7493060
7493227
7493193
7492926
7493258
7492748
7492912
7493368
7493483
7493464
7492893
7493465
7493045
7492730
7493164
7493429
7492708
7492987
7492944
7493046
7492698
7493132
7492990
7492686
7492989
7492740
7492661
7493262
7493100
7493064
7493259
7492943
7493115
7492712
7493270
7492796
7493248
7493099
7493023
7493436
7493438
7493437
7492769
7493146
7492768
